trainacc=0.8291634089132135
totalacc=0.7353420435510888
--------------------------------
max_acc=0.6611295681063123
max_train_accuracy=0.8033620015637216
max_total_accuracy=0.7437172529313233
P=array([0.59550562, 0.75609756, 0.        ]), 'avg=', 0.4505343929843793