trainacc=0.8275996872556685
totalacc=0.7571175879396984
--------------------------------
max_acc=0.6877076411960132
max_train_accuracy=0.8275996872556685
max_total_accuracy=0.7571175879396984
P=array([0.61931818, 0.        , 0.784     ]), 'avg=', 0.4677727272727273