trainacc=0.8666927286942924
totalacc=0.7068663316582914
--------------------------------
max_acc=0.6943521594684385
max_train_accuracy=0.8342455043002346
max_total_accuracy=0.7604676716917923
P=array([0.        , 0.69277108, 0.6962963 ]), 'avg=', 0.46302246021121524