trainacc=0.7642689601250977
totalacc=0.628139363484087
--------------------------------
max_acc=0.5249169435215947
max_train_accuracy=0.7556684910086005
max_total_accuracy=0.6750405360134003
P=array([0.90625  , 0.       , 0.4795539]), 'avg=', 0.461934634448575