trainacc=0.8486702127659574
totalacc=0.8215636923076922
--------------------------------
max_acc=0.7862903225806451
max_train_accuracy=0.8191489361702128
max_total_accuracy=0.8369483076923077
P=array([0.        , 0.69607843, 0.84931507]), 'avg=', 0.5151311666219