trainacc=0.8337765957446809
totalacc=0.8338713846153846
--------------------------------
max_acc=0.782258064516129
max_train_accuracy=0.8316489361702127
max_total_accuracy=0.8354098461538462
P=array([0.        , 0.78571429, 0.775     ]), 'avg=', 0.5202380952380953