trainacc=0.9882978723404255
totalacc=0.8415636923076922
--------------------------------
max_acc=0.8346774193548387
max_train_accuracy=0.9441489361702128
max_total_accuracy=0.8554098461538461
P=array([0.7       , 0.8       , 0.86486486]), 'avg=', 0.7882882882882883