trainacc=0.8220744680851064
totalacc=0.8169483076923076
--------------------------------
max_acc=0.7782258064516129
max_train_accuracy=0.7821808510638298
max_total_accuracy=0.8338713846153846
P=array([0.78443114, 0.7654321 , 0.        ]), 'avg=', 0.5166210788299943