trainacc=0.7997340425531915
totalacc=0.8107944615384615
--------------------------------
max_acc=0.7782258064516129
max_train_accuracy=0.7752659574468085
max_total_accuracy=0.8338713846153846
P=array([0.        , 0.82236842, 0.70833333]), 'avg=', 0.5102339181286549