trainacc=0.9861702127659574
totalacc=0.8277175384615384
--------------------------------
max_acc=0.8145161290322581
max_train_accuracy=0.9813829787234043
max_total_accuracy=0.8477175384615384
P=array([0.75757576, 0.25      , 0.86896552]), 'avg=', 0.625513758272379