trainacc=0.7998436278342455
totalacc=0.6314894472361808
--------------------------------
max_acc=0.6810631229235881
max_train_accuracy=0.7693510555121188
max_total_accuracy=0.7537675041876046
P=array([0.63522013, 0.73239437, 0.        ]), 'avg=', 0.4558714973277822