trainacc=0.753322908522283
totalacc=0.628139363484087
--------------------------------
max_acc=0.4883720930232558
max_train_accuracy=0.7529319781078968
max_total_accuracy=0.6566150753768843
P=array([0.        , 0.        , 0.48837209]), 'avg=', 0.1627906976744186