trainacc=0.8420212765957447
totalacc=0.829256
--------------------------------
max_acc=0.7903225806451613
max_train_accuracy=0.823404255319149
max_total_accuracy=0.8384867692307691
P=array([0.80745342, 0.75862069, 0.        ]), 'avg=', 0.5220247019347469