trainacc=0.8616106333072713
totalacc=0.7487423785594639
--------------------------------
max_acc=0.7009966777408638
max_train_accuracy=0.8092259577795152
max_total_accuracy=0.7638177554438861
P=array([0.6875, 0.    , 0.72  ]), 'avg=', 0.4691666666666667