trainacc=0.8670836591086787
totalacc=0.7587926298157454
--------------------------------
max_acc=0.7109634551495017
max_train_accuracy=0.8467552775605942
max_total_accuracy=0.7688428810720268
P=array([0.73770492, 0.        , 0.69273743]), 'avg=', 0.4768141160667949