trainacc=0.8406914893617021
totalacc=0.8323329230769231
--------------------------------
max_acc=0.7862903225806451
max_train_accuracy=0.8284574468085106
max_total_accuracy=0.8369483076923077
P=array([0.80124224, 0.75862069, 0.        ]), 'avg=', 0.5199543085600057