trainacc=0.7093085106382979
totalacc=0.7615636923076923
--------------------------------
max_acc=0.5887096774193549
max_train_accuracy=0.7093085106382979
max_total_accuracy=0.7615636923076923
P=array([0.        , 1.        , 0.58536585]), 'avg=', 0.5284552845528455