trainacc=0.9921813917122753
totalacc=0.7487423785594639
--------------------------------
max_acc=0.7342192691029901
max_train_accuracy=0.9910086004691165
max_total_accuracy=0.7805681742043551
P=array([0.33333333, 0.80597015, 0.68292683]), 'avg=', 0.6074101039517857