trainacc=0.9929632525410477
totalacc=0.7705179229480736
--------------------------------
max_acc=0.7508305647840532
max_train_accuracy=0.9108678655199375
max_total_accuracy=0.7889433835845896
P=array([0.78     , 0.       , 0.7218543]), 'avg=', 0.5006181015452539