trainacc=0.9896276595744681
totalacc=0.8415636923076922
--------------------------------
max_acc=0.8225806451612904
max_train_accuracy=0.9704787234042553
max_total_accuracy=0.8507944615384615
P=array([0.75 , 0.875, 0.75 ]), 'avg=', 0.7916666666666666