trainacc=0.7829787234042553
totalacc=0.7861790769230769
--------------------------------
max_acc=0.7661290322580645
max_train_accuracy=0.7529255319148936
max_total_accuracy=0.829256
P=array([0.        , 0.76608187, 0.76623377]), 'avg=', 0.5107718791929319