trainacc=0.8819390148553558
totalacc=0.7571175879396984
--------------------------------
max_acc=0.7009966777408638
max_train_accuracy=0.8514464425332291
max_total_accuracy=0.7638177554438861
P=array([0.62983425, 0.80833333, 0.        ]), 'avg=', 0.4793891958256599