trainacc=0.8380319148936171
totalacc=0.8307944615384615
--------------------------------
max_acc=0.7782258064516129
max_train_accuracy=0.8359042553191489
max_total_accuracy=0.8338713846153846
P=array([0.74418605, 0.        , 0.7962963 ]), 'avg=', 0.513494114269308