trainacc=0.8373729476153244
totalacc=0.7437172529313233
--------------------------------
max_acc=0.6877076411960132
max_train_accuracy=0.8315089913995309
max_total_accuracy=0.7571175879396984
P=array([0.64375   , 0.73758865, 0.        ]), 'avg=', 0.4604462174940898