trainacc=0.8683510638297872
totalacc=0.8323329230769231
--------------------------------
max_acc=0.7983870967741935
max_train_accuracy=0.8087765957446809
max_total_accuracy=0.8415636923076922
P=array([0.86713287, 0.        , 0.7047619 ]), 'avg=', 0.523964923964924