trainacc=0.7026595744680851
totalacc=0.7584867692307692
--------------------------------
max_acc=0.5806451612903226
max_train_accuracy=0.6792553191489362
max_total_accuracy=0.7584867692307692
P=array([0.        , 0.        , 0.58064516]), 'avg=', 0.19354838709677422