trainacc=0.9910086004691165
totalacc=0.7571175879396984
--------------------------------
max_acc=0.7275747508305648
max_train_accuracy=0.9503518373729476
max_total_accuracy=0.7772180904522613
P=array([0.65895954, 1.        , 0.81889764]), 'avg=', 0.8259523917891767