trainacc=0.8928850664581705
totalacc=0.7537675041876046
--------------------------------
max_acc=0.6976744186046512
max_train_accuracy=0.8889757623143081
max_total_accuracy=0.7621427135678391
P=array([0.        , 0.6284153 , 0.80508475]), 'avg=', 0.47783334876972