trainacc=0.9859042553191489
totalacc=0.5954098461538461
--------------------------------
max_acc=0.1814516129032258
max_train_accuracy=0.9718085106382979
max_total_accuracy=0.6061790769230769
P=array([0.71428571, 0.23863636, 0.12418301]), 'avg=', 0.35903502815267524