trainacc=0.8938829787234043
totalacc=0.8323329230769231
--------------------------------
max_acc=0.7983870967741935
max_train_accuracy=0.8941489361702127
max_total_accuracy=0.8415636923076922
P=array([0.        , 0.83116883, 0.74468085]), 'avg=', 0.525283227410887