trainacc=0.8256450351837373
totalacc=0.7336670016750418
--------------------------------
max_acc=0.6411960132890365
max_train_accuracy=0.8256450351837373
max_total_accuracy=0.7336670016750418
P=array([0.80412371, 0.        , 0.56372549]), 'avg=', 0.4559497338454282