trainacc=0.988031914893617
totalacc=0.8431021538461538
--------------------------------
max_acc=0.8225806451612904
max_train_accuracy=0.986436170212766
max_total_accuracy=0.8507944615384615
P=array([0.76842105, 0.85620915, 0.        ]), 'avg=', 0.5415434009861254