trainacc=0.8808510638297873
totalacc=0.8277175384615384
--------------------------------
max_acc=0.7983870967741935
max_train_accuracy=0.8590425531914894
max_total_accuracy=0.8415636923076922
P=array([0.73958333, 0.83552632, 0.        ]), 'avg=', 0.5250365497076023