trainacc=0.8340425531914893
totalacc=0.8400252307692307
--------------------------------
max_acc=0.7943548387096774
max_train_accuracy=0.8340425531914893
max_total_accuracy=0.8400252307692307
P=array([0.8164557 , 0.75555556, 0.        ]), 'avg=', 0.524003750586029