trainacc=0.7893617021276595
totalacc=0.8192247304565353
--------------------------------
max_acc=0.7845528455284553
max_train_accuracy=0.7042553191489361
max_total_accuracy=0.8362853933708566
P=array([0.82993197, 0.        , 0.71717172]), 'avg=', 0.5157012299869442