trainacc=0.8542553191489362
totalacc=0.8277175384615384
--------------------------------
max_acc=0.7862903225806451
max_train_accuracy=0.8327127659574468
max_total_accuracy=0.8369483076923077
P=array([0.69902913, 0.        , 0.84827586]), 'avg=', 0.5157683294275193