trainacc=0.8608287724784989
totalacc=0.7319919597989949
--------------------------------
max_acc=0.7009966777408638
max_train_accuracy=0.8096168881939015
max_total_accuracy=0.7638177554438861
P=array([0.        , 0.77227723, 0.665     ]), 'avg=', 0.4790924092409241