trainacc=0.8518617021276595
totalacc=0.829256
--------------------------------
max_acc=0.7782258064516129
max_train_accuracy=0.798936170212766
max_total_accuracy=0.8338713846153846
P=array([0.        , 0.73333333, 0.80379747]), 'avg=', 0.5123769338959212