trainacc=0.8609042553191489
totalacc=0.829256
--------------------------------
max_acc=0.7903225806451613
max_train_accuracy=0.8271276595744681
max_total_accuracy=0.8384867692307691
P=array([0.75280899, 0.81132075, 0.        ]), 'avg=', 0.521376581160342