trainacc=0.9929632525410477
totalacc=0.7621427135678391
--------------------------------
max_acc=0.7375415282392026
max_train_accuracy=0.9941360437842064
max_total_accuracy=0.7822432160804019
P=array([0.70322581, 0.77777778, 0.5       ]), 'avg=', 0.6603345280764635