trainacc=0.9163408913213448
totalacc=0.7537675041876046
--------------------------------
max_acc=0.7009966777408638
max_train_accuracy=0.9057857701329164
max_total_accuracy=0.7638177554438861
P=array([0.71895425, 0.        , 0.68243243]), 'avg=', 0.4671288935994819