trainacc=0.7642689601250977
totalacc=0.629814405360134
--------------------------------
max_acc=0.5382059800664452
max_train_accuracy=0.7587959343236904
max_total_accuracy=0.6817407035175879
P=array([0.48679245, 0.        , 0.91666667]), 'avg=', 0.46781970649895177