trainacc=0.8287234042553191
totalacc=0.7815636923076923
--------------------------------
max_acc=0.782258064516129
max_train_accuracy=0.7595744680851064
max_total_accuracy=0.8354098461538462
P=array([0.        , 0.70833333, 0.82894737]), 'avg=', 0.5124269005847953