trainacc=0.753322908522283
totalacc=0.628139363484087
--------------------------------
max_acc=0.4318936877076412
max_train_accuracy=0.7279124315871774
max_total_accuracy=0.628139363484087
P=array([0.        , 0.        , 0.43189369]), 'avg=', 0.14396456256921372