trainacc=0.8300531914893617
totalacc=0.8338713846153846
--------------------------------
max_acc=0.7782258064516129
max_train_accuracy=0.7130319148936171
max_total_accuracy=0.8338713846153846
P=array([0.82236842, 0.70833333, 0.        ]), 'avg=', 0.5102339181286549