trainacc=0.8944487881157154
totalacc=0.7236167504187604
--------------------------------
max_acc=0.7043189368770764
max_train_accuracy=0.8752931978107896
max_total_accuracy=0.7654927973199329
P=array([0.63953488, 0.79069767, 0.        ]), 'avg=', 0.4767441860465116