trainacc=0.7093085106382979
totalacc=0.7584867692307692
--------------------------------
max_acc=0.5806451612903226
max_train_accuracy=0.675
max_total_accuracy=0.7584867692307692
P=array([0.        , 0.        , 0.58064516]), 'avg=', 0.19354838709677422