trainacc=0.738031914893617
totalacc=0.7738713846153846
--------------------------------
max_acc=0.7419354838709677
max_train_accuracy=0.7218085106382979
max_total_accuracy=0.8200252307692307
P=array([0.        , 0.75      , 0.72368421]), 'avg=', 0.4912280701754386