trainacc=0.7537234042553191
totalacc=0.7984867692307692
--------------------------------
max_acc=0.7701612903225806
max_train_accuracy=0.7460106382978723
max_total_accuracy=0.8307944615384615
P=array([0.71910112, 0.        , 0.79874214]), 'avg=', 0.5059477539867618