trainacc=0.9877659574468085
totalacc=0.8446406153846153
--------------------------------
max_acc=0.8225806451612904
max_train_accuracy=0.9837765957446809
max_total_accuracy=0.8507944615384615
P=array([0.87162162, 1.        , 0.74226804]), 'avg=', 0.871296554286245