trainacc=0.9925723221266615
totalacc=0.7604676716917923
--------------------------------
max_acc=0.717607973421927
max_train_accuracy=0.9910086004691165
max_total_accuracy=0.7721929648241206
P=array([0.5       , 0.77205882, 0.67701863]), 'avg=', 0.6496924856899281