trainacc=0.8901485535574668
totalacc=0.7135664991624792
--------------------------------
max_acc=0.707641196013289
max_train_accuracy=0.890539483971853
max_total_accuracy=0.7671678391959799
P=array([0.        , 0.76296296, 0.6626506 ]), 'avg=', 0.47520452179086714