trainacc=0.7018617021276595
totalacc=0.7584867692307692
--------------------------------
max_acc=0.6290322580645161
max_train_accuracy=0.7026595744680851
max_total_accuracy=0.7769483076923076
P=array([0.        , 0.92857143, 0.61111111]), 'avg=', 0.5132275132275133