trainacc=0.8924941360437842
totalacc=0.7370170854271356
--------------------------------
max_acc=0.6976744186046512
max_train_accuracy=0.8780297107114934
max_total_accuracy=0.7621427135678391
P=array([0.        , 0.62365591, 0.8173913 ]), 'avg=', 0.48034907277544026