trainacc=0.8686170212765958
totalacc=0.8323329230769231
--------------------------------
max_acc=0.8064516129032258
max_train_accuracy=0.8664893617021276
max_total_accuracy=0.8446406153846153
P=array([0.        , 0.85234899, 0.73737374]), 'avg=', 0.5299075768874427