trainacc=0.8664893617021276
totalacc=0.8338713846153846
--------------------------------
max_acc=0.782258064516129
max_train_accuracy=0.8513297872340425
max_total_accuracy=0.8354098461538462
P=array([0.79268293, 0.        , 0.76190476]), 'avg=', 0.5181958962446768