trainacc=0.986436170212766
totalacc=0.8400252307692307
--------------------------------
max_acc=0.8346774193548387
max_train_accuracy=0.8739361702127659
max_total_accuracy=0.8554098461538461
P=array([1.        , 0.71559633, 0.9270073 ]), 'avg=', 0.8808678765151008