trainacc=0.8799843627834245
totalacc=0.7202666666666666
--------------------------------
max_acc=0.6843853820598007
max_train_accuracy=0.8584831899921814
max_total_accuracy=0.7554425460636516
P=array([0.79661017, 0.        , 0.61202186]), 'avg=', 0.4695440091383409