trainacc=0.8720744680851064
totalacc=0.8323329230769231
--------------------------------
max_acc=0.782258064516129
max_train_accuracy=0.8311170212765957
max_total_accuracy=0.8354098461538462
P=array([0.  , 0.75, 0.8 ]), 'avg=', 0.5166666666666667