trainacc=0.7026595744680851
totalacc=0.7584867692307692
--------------------------------
max_acc=0.5806451612903226
max_train_accuracy=0.7021276595744681
max_total_accuracy=0.7584867692307692
P=array([0.58064516, 0.        , 0.        ]), 'avg=', 0.19354838709677422