trainacc=0.9906914893617021
totalacc=0.8891908103214125
--------------------------------
max_acc=0.9375
max_train_accuracy=0.9920212765957447
max_total_accuracy=0.8922606382978724
P=array([0.85714286, 0.96125461, 0.87830688]), 'avg=', 0.8989014493319535