trainacc=0.8800531914893617
totalacc=0.8261790769230769
--------------------------------
max_acc=0.8064516129032258
max_train_accuracy=0.8707446808510638
max_total_accuracy=0.8446406153846153
P=array([0.75789474, 0.        , 0.83660131]), 'avg=', 0.5314986813438826