trainacc=0.7732603596559813
totalacc=0.628139363484087
--------------------------------
max_acc=0.6644518272425249
max_train_accuracy=0.7490226739640344
max_total_accuracy=0.7453922948073701
P=array([0.62      , 0.70860927, 0.        ]), 'avg=', 0.4428697571743929