trainacc=0.838154808444097
totalacc=0.7286418760469011
--------------------------------
max_acc=0.654485049833887
max_train_accuracy=0.8080531665363565
max_total_accuracy=0.7403671691792294
P=array([0.58791209, 0.75630252, 0.        ]), 'avg=', 0.44807153630683044