trainacc=0.8037234042553192
totalacc=0.8099189143214509
--------------------------------max_acc=0.8008130081300813
max_train_accuracy=0.7930851063829787
max_total_accuracy=0.8424892707942464
P=array([0.73195876, 0.84563758, 0.        ]), 'avg=', 0.5258654489264051