trainacc=0.903440187646599
totalacc=0.6415396984924623
--------------------------------
max_acc=0.7009966777408638
max_train_accuracy=0.8025801407349492
max_total_accuracy=0.7638177554438861
P=array([0.76699029, 0.        , 0.66666667]), 'avg=', 0.4778856526429342