trainacc=0.7986708365910868
totalacc=0.7386921273031826
--------------------------------
max_acc=0.6511627906976745
max_train_accuracy=0.7986708365910868
max_total_accuracy=0.7386921273031826
P=array([0.81632653, 0.57142857, 0.        ]), 'avg=', 0.46258503401360546