trainacc=0.991790461297889
totalacc=0.7688428810720268
--------------------------------
max_acc=0.7541528239202658
max_train_accuracy=0.9757623143080532
max_total_accuracy=0.7906184254606365
P=array([0.77099237, 0.57142857, 0.74846626]), 'avg=', 0.6969623985031657