trainacc=0.8686170212765958
totalacc=0.8369483076923077
--------------------------------
max_acc=0.7903225806451613
max_train_accuracy=0.8023936170212767
max_total_accuracy=0.8384867692307691
P=array([0.81410256, 0.        , 0.75      ]), 'avg=', 0.5213675213675214