trainacc=0.989095744680851
totalacc=0.8431021538461538
--------------------------------
max_acc=0.8225806451612904
max_train_accuracy=0.9837765957446809
max_total_accuracy=0.8507944615384615
P=array([0.85064935, 1.        , 0.77173913]), 'avg=', 0.8741294936947112