trainacc=0.7109042553191489
totalacc=0.7584867692307692
--------------------------------
max_acc=0.6008064516129032
max_train_accuracy=0.7031914893617022
max_total_accuracy=0.7661790769230769
P=array([1.        , 0.59259259, 0.        ]), 'avg=', 0.5308641975308642