trainacc=0.9648162627052385
totalacc=0.7671678391959799
--------------------------------
max_acc=0.7408637873754153
max_train_accuracy=0.9421422986708365
max_total_accuracy=0.7839182579564489
P=array([0.5       , 0.76510067, 0.72      ]), 'avg=', 0.6617002237136466