trainacc=0.8154255319148936
totalacc=0.8169483076923076
--------------------------------
max_acc=0.75
max_train_accuracy=0.7582446808510638
max_total_accuracy=0.8231021538461538
P=array([0.73333333, 0.75722543, 0.        ]), 'avg=', 0.49685292228644834