trainacc=0.8021892103205629
totalacc=0.6750405360134003
--------------------------------
max_acc=0.6179401993355482
max_train_accuracy=0.7783424550430024
max_total_accuracy=0.7219417085427137
P=array([0.        , 0.54166667, 0.81176471]), 'avg=', 0.4511437908496732