trainacc=0.8186170212765957
totalacc=0.829256
--------------------------------
max_acc=0.7862903225806451
max_train_accuracy=0.8037234042553192
max_total_accuracy=0.8369483076923077
P=array([0.82580645, 0.        , 0.72043011]), 'avg=', 0.5154121863799284