trainacc=0.9925723221266615
totalacc=0.7654927973199329
--------------------------------
max_acc=0.7475083056478405
max_train_accuracy=0.9808444096950742
max_total_accuracy=0.7872683417085427
P=array([0.70121951, 0.81818182, 0.4       ]), 'avg=', 0.63980044345898