trainacc=0.7763297872340426
totalacc=0.8323329230769231
--------------------------------
max_acc=0.7741935483870968
max_train_accuracy=0.7763297872340426
max_total_accuracy=0.8323329230769231
P=array([0.        , 0.76923077, 0.77647059]), 'avg=', 0.5152337858220212