trainacc=0.8757978723404255
totalacc=0.8307944615384615
--------------------------------
max_acc=0.7862903225806451
max_train_accuracy=0.8454787234042553
max_total_accuracy=0.8369483076923077
P=array([0.        , 0.83006536, 0.71578947]), 'avg=', 0.5152849443871116