trainacc=0.7830336200156373
totalacc=0.7269668341708543
--------------------------------
max_acc=0.6810631229235881
max_train_accuracy=0.7748240813135262
max_total_accuracy=0.7537675041876046
P=array([0.        , 0.72413793, 0.64102564]), 'avg=', 0.45505452402004126