trainacc=0.8670212765957447
totalacc=0.8246406153846153
--------------------------------
max_acc=0.8024193548387096
max_train_accuracy=0.861968085106383
max_total_accuracy=0.8431021538461538
P=array([0.84868421, 0.72916667, 0.        ]), 'avg=', 0.5259502923976608