trainacc=0.8412234042553192
totalacc=0.8354098461538462
--------------------------------
max_acc=0.7983870967741935
max_train_accuracy=0.7968085106382978
max_total_accuracy=0.8415636923076922
P=array([0.75      , 0.82692308, 0.        ]), 'avg=', 0.5256410256410257